Elevation	Pattern		
Deg	V dB		
			
0	1.76	101.75	1
1	1.76	101.75	1
2	1.76	101.75	1
3	1.75	101.74	0.99990172
4	1.74	101.73	0.99980344
5	1.73	101.72	0.99970516
6	1.72	101.71	0.99960688
7	1.7	101.69	0.999410319
8	1.68	101.67	0.999213759
9	1.65	101.64	0.998918919
10	1.62	101.61	0.998624079
11	1.59	101.58	0.998329238
12	1.56	101.55	0.998034398
13	1.52	101.51	0.997641278
14	1.48	101.47	0.997248157
15	1.44	101.43	0.996855037
16	1.39	101.38	0.996363636
17	1.34	101.33	0.995872236
18	1.29	101.28	0.995380835
19	1.23	101.22	0.994791155
20	1.18	101.17	0.994299754
21	1.11	101.1	0.993611794
22	1.05	101.04	0.993022113
23	0.98	100.97	0.992334152
24	0.91	100.9	0.991646192
25	0.83	100.82	0.990859951
26	0.75	100.74	0.99007371
27	0.67	100.66	0.989287469
28	0.58	100.57	0.988402948
29	0.49	100.48	0.987518428
30	0.4	100.39	0.986633907
31	0.3	100.29	0.985651106
32	0.2	100.19	0.984668305
33	0.1	100.09	0.983685504
34	-0.01	99.98	0.982604423
35	-0.12	99.87	0.981523342
36	-0.24	99.75	0.98034398
37	-0.36	99.63	0.979164619
38	-0.49	99.5	0.977886978
39	-0.62	99.37	0.976609337
40	-0.75	99.24	0.975331695
41	-0.89	99.1	0.973955774
42	-1.03	98.96	0.972579853
43	-1.18	98.81	0.971105651
44	-1.33	98.66	0.96963145
45	-1.49	98.5	0.968058968
46	-1.66	98.33	0.966388206
47	-1.82	98.17	0.964815725
48	-2	97.99	0.963046683
49	-2.18	97.81	0.961277641
50	-2.37	97.62	0.959410319
51	-2.56	97.43	0.957542998
52	-2.76	97.23	0.955577396
53	-2.97	97.02	0.953513514
54	-3.18	96.81	0.951449631
55	-3.4	96.59	0.949287469
56	-3.63	96.36	0.947027027
57	-3.87	96.12	0.944668305
58	-4.11	95.88	0.942309582
59	-4.37	95.62	0.9397543
60	-4.64	95.35	0.937100737
61	-4.91	95.08	0.934447174
62	-5.2	94.79	0.931597052
63	-5.5	94.49	0.928648649
64	-5.81	94.18	0.925601966
65	-6.14	93.85	0.922358722
66	-6.48	93.51	0.919017199
67	-6.83	93.16	0.915577396
68	-7.2	92.79	0.911941032
69	-7.59	92.4	0.908108108
70	-8.01	91.98	0.903980344
71	-8.44	91.55	0.8997543
72	-8.9	91.09	0.895233415
73	-9.39	90.6	0.89041769
74	-9.9	90.09	0.885405405
75	-10.45	89.54	0.88
76	-11.05	88.94	0.874103194
77	-11.68	88.31	0.867911548
78	-12.37	87.62	0.861130221
79	-13.12	86.87	0.853759214
80	-13.94	86.05	0.845700246
81	-14.85	85.14	0.836756757
82	-15.87	84.12	0.826732187
83	-17.03	82.96	0.815331695
84	-18.36	81.63	0.802260442
85	-19.94	80.05	0.786732187
86	-21.88	78.11	0.767665848
87	-24.37	75.62	0.743194103
88	-27.89	72.1	0.708599509
89	-33.91	66.08	0.649434889
90	-99.99	0	0
91	-33.91	66.08	0.649434889
92	-27.89	72.1	0.708599509
93	-24.37	75.62	0.743194103
94	-21.88	78.11	0.767665848
95	-19.94	80.05	0.786732187
96	-18.36	81.63	0.802260442
97	-17.03	82.96	0.815331695
98	-15.87	84.12	0.826732187
99	-14.85	85.14	0.836756757
100	-13.94	86.05	0.845700246
101	-13.12	86.87	0.853759214
102	-12.37	87.62	0.861130221
103	-11.68	88.31	0.867911548
104	-11.05	88.94	0.874103194
105	-10.45	89.54	0.88
106	-9.9	90.09	0.885405405
107	-9.39	90.6	0.89041769
108	-8.9	91.09	0.895233415
109	-8.44	91.55	0.8997543
110	-8.01	91.98	0.903980344
111	-7.59	92.4	0.908108108
112	-7.2	92.79	0.911941032
113	-6.83	93.16	0.915577396
114	-6.48	93.51	0.919017199
115	-6.14	93.85	0.922358722
116	-5.81	94.18	0.925601966
117	-5.5	94.49	0.928648649
118	-5.2	94.79	0.931597052
119	-4.91	95.08	0.934447174
120	-4.64	95.35	0.937100737
121	-4.37	95.62	0.9397543
122	-4.11	95.88	0.942309582
123	-3.87	96.12	0.944668305
124	-3.63	96.36	0.947027027
125	-3.4	96.59	0.949287469
126	-3.18	96.81	0.951449631
127	-2.97	97.02	0.953513514
128	-2.76	97.23	0.955577396
129	-2.56	97.43	0.957542998
130	-2.37	97.62	0.959410319
131	-2.18	97.81	0.961277641
132	-2	97.99	0.963046683
133	-1.82	98.17	0.964815725
134	-1.66	98.33	0.966388206
135	-1.49	98.5	0.968058968
136	-1.33	98.66	0.96963145
137	-1.18	98.81	0.971105651
138	-1.03	98.96	0.972579853
139	-0.89	99.1	0.973955774
140	-0.75	99.24	0.975331695
141	-0.62	99.37	0.976609337
142	-0.49	99.5	0.977886978
143	-0.36	99.63	0.979164619
144	-0.24	99.75	0.98034398
145	-0.12	99.87	0.981523342
146	-0.01	99.98	0.982604423
147	0.1	100.09	0.983685504
148	0.2	100.19	0.984668305
149	0.3	100.29	0.985651106
150	0.4	100.39	0.986633907
151	0.49	100.48	0.987518428
152	0.58	100.57	0.988402948
153	0.67	100.66	0.989287469
154	0.75	100.74	0.99007371
155	0.83	100.82	0.990859951
156	0.91	100.9	0.991646192
157	0.98	100.97	0.992334152
158	1.05	101.04	0.993022113
159	1.11	101.1	0.993611794
160	1.18	101.17	0.994299754
161	1.23	101.22	0.994791155
162	1.29	101.28	0.995380835
163	1.34	101.33	0.995872236
164	1.39	101.38	0.996363636
165	1.44	101.43	0.996855037
166	1.48	101.47	0.997248157
167	1.52	101.51	0.997641278
168	1.56	101.55	0.998034398
169	1.59	101.58	0.998329238
170	1.62	101.61	0.998624079
171	1.65	101.64	0.998918919
172	1.68	101.67	0.999213759
173	1.7	101.69	0.999410319
174	1.72	101.71	0.99960688
175	1.73	101.72	0.99970516
176	1.74	101.73	0.99980344
177	1.75	101.74	0.99990172
178	1.76	101.75	1
179	1.76	101.75	1
180	1.76	101.75	1
181	1.76	101.75	1
182	1.76	101.75	1
183	1.75	101.74	0.99990172
184	1.74	101.73	0.99980344
185	1.72	101.71	0.99960688
186	1.71	101.7	0.9995086
187	1.69	101.68	0.999312039
188	1.66	101.65	0.999017199
189	1.64	101.63	0.998820639
190	1.61	101.6	0.998525799
191	1.57	101.56	0.998132678
192	1.54	101.53	0.997837838
193	1.5	101.49	0.997444717
194	1.46	101.45	0.997051597
195	1.41	101.4	0.996560197
196	1.37	101.36	0.996167076
197	1.31	101.3	0.995577396
198	1.26	101.25	0.995085995
199	1.2	101.19	0.994496314
200	1.14	101.13	0.993906634
201	1.08	101.07	0.993316953
202	1.01	101	0.992628993
203	0.94	100.93	0.991941032
204	0.87	100.86	0.991253071
205	0.79	100.78	0.99046683
206	0.71	100.7	0.98968059
207	0.62	100.61	0.988796069
208	0.54	100.53	0.988009828
209	0.45	100.44	0.987125307
210	0.35	100.34	0.986142506
211	0.25	100.24	0.985159705
212	0.15	100.14	0.984176904
213	0.04	100.03	0.983095823
214	-0.07	99.92	0.982014742
215	-0.18	99.81	0.980933661
216	-0.3	99.69	0.9797543
217	-0.42	99.57	0.978574939
218	-0.55	99.44	0.977297297
219	-0.68	99.31	0.976019656
220	-0.81	99.18	0.974742015
221	-0.95	99.04	0.973366093
222	-1.1	98.89	0.971891892
223	-1.25	98.74	0.97041769
224	-1.4	98.59	0.968943489
225	-1.56	98.43	0.967371007
226	-1.73	98.26	0.965700246
227	-1.9	98.09	0.964029484
228	-2.07	97.92	0.962358722
229	-2.26	97.73	0.9604914
230	-2.44	97.55	0.958722359
231	-2.64	97.35	0.956756757
232	-2.84	97.15	0.954791155
233	-3.05	96.94	0.952727273
234	-3.26	96.73	0.950663391
235	-3.48	96.51	0.948501229
236	-3.71	96.28	0.946240786
237	-3.95	96.04	0.943882064
238	-4.2	95.79	0.941425061
239	-4.46	95.53	0.938869779
240	-4.72	95.27	0.936314496
241	-5	94.99	0.933562654
242	-5.29	94.7	0.930712531
243	-5.59	94.4	0.927764128
244	-5.9	94.09	0.924717445
245	-6.23	93.76	0.921474201
246	-6.57	93.42	0.918132678
247	-6.92	93.07	0.914692875
248	-7.3	92.69	0.910958231
249	-7.69	92.3	0.907125307
250	-8.1	91.89	0.903095823
251	-8.54	91.45	0.898771499
252	-8.99	91	0.894348894
253	-9.48	90.51	0.88953317
254	-10	89.99	0.884422604
255	-10.55	89.44	0.879017199
256	-11.14	88.85	0.873218673
257	-11.78	88.21	0.866928747
258	-12.47	87.52	0.86014742
259	-13.22	86.77	0.852776413
260	-14.04	85.95	0.844717445
261	-14.95	85.04	0.835773956
262	-15.97	84.02	0.825749386
263	-17.12	82.87	0.814447174
264	-18.46	81.53	0.801277641
265	-20.04	79.95	0.785749386
266	-21.98	78.01	0.766683047
267	-24.47	75.52	0.742211302
268	-27.99	72	0.707616708
269	-34.01	65.98	0.648452088
270	-99.99	0	0
271	-34.01	65.98	0.648452088
272	-27.99	72	0.707616708
273	-24.47	75.52	0.742211302
274	-21.98	78.01	0.766683047
275	-20.04	79.95	0.785749386
276	-18.46	81.53	0.801277641
277	-17.12	82.87	0.814447174
278	-15.97	84.02	0.825749386
279	-14.95	85.04	0.835773956
280	-14.04	85.95	0.844717445
281	-13.22	86.77	0.852776413
282	-12.47	87.52	0.86014742
283	-11.78	88.21	0.866928747
284	-11.14	88.85	0.873218673
285	-10.55	89.44	0.879017199
286	-10	89.99	0.884422604
287	-9.48	90.51	0.88953317
288	-8.99	91	0.894348894
289	-8.54	91.45	0.898771499
290	-8.1	91.89	0.903095823
291	-7.69	92.3	0.907125307
292	-7.3	92.69	0.910958231
293	-6.92	93.07	0.914692875
294	-6.57	93.42	0.918132678
295	-6.23	93.76	0.921474201
296	-5.9	94.09	0.924717445
297	-5.59	94.4	0.927764128
298	-5.29	94.7	0.930712531
299	-5	94.99	0.933562654
300	-4.72	95.27	0.936314496
301	-4.46	95.53	0.938869779
302	-4.2	95.79	0.941425061
303	-3.95	96.04	0.943882064
304	-3.71	96.28	0.946240786
305	-3.48	96.51	0.948501229
306	-3.26	96.73	0.950663391
307	-3.05	96.94	0.952727273
308	-2.84	97.15	0.954791155
309	-2.64	97.35	0.956756757
310	-2.44	97.55	0.958722359
311	-2.26	97.73	0.9604914
312	-2.07	97.92	0.962358722
313	-1.9	98.09	0.964029484
314	-1.73	98.26	0.965700246
315	-1.56	98.43	0.967371007
316	-1.4	98.59	0.968943489
317	-1.25	98.74	0.97041769
318	-1.1	98.89	0.971891892
319	-0.95	99.04	0.973366093
320	-0.81	99.18	0.974742015
321	-0.68	99.31	0.976019656
322	-0.55	99.44	0.977297297
323	-0.42	99.57	0.978574939
324	-0.3	99.69	0.9797543
325	-0.18	99.81	0.980933661
326	-0.07	99.92	0.982014742
327	0.04	100.03	0.983095823
328	0.15	100.14	0.984176904
329	0.25	100.24	0.985159705
330	0.35	100.34	0.986142506
331	0.45	100.44	0.987125307
332	0.54	100.53	0.988009828
333	0.62	100.61	0.988796069
334	0.71	100.7	0.98968059
335	0.79	100.78	0.99046683
336	0.87	100.86	0.991253071
337	0.94	100.93	0.991941032
338	1.01	101	0.992628993
339	1.08	101.07	0.993316953
340	1.14	101.13	0.993906634
341	1.2	101.19	0.994496314
342	1.26	101.25	0.995085995
343	1.31	101.3	0.995577396
344	1.37	101.36	0.996167076
345	1.41	101.4	0.996560197
346	1.46	101.45	0.997051597
347	1.5	101.49	0.997444717
348	1.54	101.53	0.997837838
349	1.57	101.56	0.998132678
350	1.61	101.6	0.998525799
351	1.64	101.63	0.998820639
352	1.66	101.65	0.999017199
353	1.69	101.68	0.999312039
354	1.71	101.7	0.9995086
355	1.72	101.71	0.99960688
356	1.74	101.73	0.99980344
357	1.75	101.74	0.99990172
358	1.76	101.75	1
359	1.76	101.75	1
360	1.76	101.75	1
